Accuracy: 0.9616059675296182
F1 Score: 0.9615602291579607
Recall: 0.9616059675296182
Precision: 0.961933608955106
