Accuracy: 0.9714787187362879
F1 Score: 0.9714726549475741
Recall: 0.9714787187362879
Precision: 0.9714850116498409
